# Final exam fall 2023 - STÆ529M Bayesian Data Analysis
#
# Problem 3
n1 <- 1053
Y1 <- 26
n2 <- 976
Y2 <- 45
