# Final exam fall 2023 - STÆ529M Bayesian Data Analysis
#
# Problem 1
t <- c(2.9, 2.0, 2.2, 3.4, 2.1, 2.4, 1.9, 1.8, 1.7, 2.7)
Y <- c(16, 10, 6, 8, 3, 9, 8, 11, 5, 6)
